1.513287383383815587e+01 2.983129506642164941e+01 6.764301062254736507e+01
7.930454694252735237e+01 6.275789267001186111e+00 5.201013521689566232e+01
7.933485573152051984e+01 5.562286565876078726e+01 8.155916868657361363e+01
7.499463451620567866e+01 1.508196649154561797e+01 9.304196669932022701e+01
6.740158843491389007e+01 5.697414126585123029e+01 4.805541137216096104e-01
2.228117231558862699e+01 7.299211902855643075e+01 9.351501819345673994e+01
7.395506988581027485e+01 6.894868507459803197e+01 2.045444022360125658e+01
3.603595192361288468e+01 2.636687817091214470e+01 1.806490675148714331e+01
5.514599025451168757e+01 6.680413681948481042e+01 8.785541238106360140e+01
9.340553345221034931e+01 5.265867889160730186e+01 9.318734781992327498e+01
6.785135983710848961e+01 4.921877513451222796e+01 8.394103877632022659e+01
5.180461658980350848e+01 7.222561194787270722e+01 5.789135713493842594e+00
9.912214204189201894e+01 7.286434587298883514e+01 5.599069619855445268e+00
6.460150463517015851e+01 7.015811185522365179e+01 9.032164594374697231e+01
1.583727171878580542e+01 4.405739784357112399e+01 1.042175249479060373e+00
8.367986589131129449e+01 7.887758854319876889e+01 9.862981140380643552e+00
4.559474554006713021e+01 1.522213449000653362e+01 3.640428864488376437e+00
6.462293662717304699e+01 1.575718853056093849e+01 5.645093622519075893e+01
3.453659151462128563e+01 4.083016891972698659e+01 9.361907897126172884e+01
9.605961271694350501e+01 8.193137775567439007e+01 3.881174620902678640e+01
5.838039852235614546e+01 3.763704540339196569e+01 9.982980002423515486e+01
5.053401173816713765e+01 3.886812167577503629e+01 5.118253404016343211e+01
7.257037261451941390e+01 7.176222876517202565e+01 3.920834559566244337e+01
7.394615984960954336e+01 9.536836509880407675e+01 8.395206633557120313e+01
9.741038556269854709e+00 8.604702302533678449e+01 5.685238589261049214e+01
4.052808167147733087e+01 8.439631844898497093e+01 1.457574474648655283e+01
5.976240431740564851e+00 3.068062926745572838e+01 3.859555978854159974e+01
8.863302287091620713e+01 6.986538412604522819e+01 1.156911537316399574e+01
4.855790426386455749e+01 2.158704324328925139e+01 8.608233598247636564e+01
2.004408267188328807e+01 8.755144277943847442e+01 1.074669531926075727e+00
3.747512310369513955e+01 8.911785349885192886e+01 1.155125189489867310e+01
7.765799247060705568e+01 2.138795828307737956e+00 7.778106839525399607e+01
9.070473192249920658e+01 4.196299219830812177e+01 7.305949933398564156e+01
1.890683443552637755e+01 8.500103110879507540e+01 2.359291097111512059e+01
7.237706825907601171e+01 7.560588408052549880e+01 4.229253067977760594e+01
8.577578192970352688e+01 5.496541276555340971e+01 4.128138540854000382e+01
5.711121252176621965e+01 6.573949620591457688e+01 6.001267148496943804e+01
1.417688544728149580e+01 3.280379915008989400e+01 3.575639646474856193e+01
1.503262878790051538e+01 4.190100507101330862e+01 1.287465408188768201e+01
7.156848914051447252e+01 4.487181484849217838e+01 4.307087798504483089e+00
2.015825903603171199e+01 1.043212117419620810e+01 4.145712536963135619e+01
1.471624516273096717e+01 3.591967005278600311e+01 6.676087596473495012e+01
7.496661962264640522e+01 8.336340031179406651e+01 6.669766510088070532e+00
8.438570458829572374e+01 7.919268139530024087e+01 8.609898697601198592e+01
8.441005571839130539e+01 1.586196554300441974e+01 3.185905821468526522e+00
8.298483934221118830e+01 3.955761740450505215e+01 5.380458601510995464e+01
6.198299590912592549e+01 4.866612910424073135e+01 1.542150160069289910e+01
3.964910472511601114e+01 4.282848876577115504e+01 2.609011095695396065e+01
3.630251362103714996e+01 8.112322289194521829e+01 7.905383776111028737e+01
3.981490696343037428e+00 6.642427415519213696e+01 5.400435275947915414e+01
8.902011852751066101e+01 7.946245329461430629e+01 3.124508691446909836e+01
1.990072799522504354e+01 1.022019519643815322e+01 1.700494090665837277e+01
2.690681757338799684e+01 5.892661293333056882e+00 5.557482314649944044e+01
2.993039998138047508e+01 1.921598297001458988e+01 8.568050862763814735e+01
1.406594102570845095e+01 1.125861765482919452e+01 8.065651073031084195e+01
1.758836237626968568e+01 3.656237482927720350e+01 8.779041394896447059e+01
4.650103237788560939e+00 3.359036377504358484e+01 6.596484944920145210e+01
5.402855733303183428e+01 4.871747395546692871e+01 2.509174313445939930e+01
3.761328630846829668e+01 7.734967716146027783e+01 5.959956006222250835e+01
9.318900077824260109e+01 5.294333996358028571e+01 9.710814537349874342e+01
4.557906909631009995e+01 5.194413701280413420e+01 7.924959121331190204e+01
8.640921366099092893e+01 2.416512940681620947e+01 1.364842448915549689e+01
1.962620163304231724e+01 3.820502197207420458e-01 7.898072257576205857e+01
6.099633027560651044e+01 8.541282860863890392e+01 8.595909461834366994e+01
5.846787429006723613e+01 4.119861783004723321e+01 4.855840010207275270e+01
8.689664925585300637e+01 4.324537196835714070e+01 6.422653145465898206e+01
5.606317450308450390e+01 2.990175149043272640e+00 8.695046325640535656e+01
4.817758571529573430e+01 4.112344130835685974e+01 5.952112700442454241e+01
2.910563923112624707e+01 7.302863180425559619e+01 8.681623399072341840e+01
6.800506982614206208e+01 7.145770089675896486e+01 8.170578707654615869e+01
3.733455698684876722e+01 8.273984542660591046e+01 8.448828610828515195e+01
7.263286167516740477e+01 4.902581888601010007e+01 5.776903086797355513e+01
5.888154370063007548e+01 3.170048974175335843e+01 4.046897746449317168e+01
1.877413797158195052e+01 6.226428503351895927e+01 3.110056972562971112e+01
2.795557828927531929e+01 2.449408481657005154e+01 1.121171594961099061e+01
6.609270868414665756e+01 5.503918725822373403e+01 7.107160973504386448e+01
9.371889080234518943e+00 5.349805527247200132e+01 5.195291264096348982e+01
5.598956141584123714e+01 8.531844009345394397e+01 4.355956509682734179e+00
6.791000119473220309e+01 3.826089957870391345e+01 5.630517736252615535e+00
8.631590705550208042e+01 2.459716936637905604e+01 1.925704012949891464e-01
9.267589163918300699e+01 7.784241975538908775e+01 1.038720593178787865e+01
9.977862495203495996e+01 7.078493781882484370e+01 2.221614961990690063e+01
2.581801145123069219e+01 2.021960478266471295e+00 7.408926720465809979e+01
4.152620655335657318e+01 7.997051835475403436e+01 9.904957263038582482e+00
4.803607173767139216e+01 5.485905332539498147e+01 7.267116275915009282e+01
6.414052716614213523e+01 3.826521386828739679e+01 6.900249298265629250e+01
5.252311250549828259e+01 6.474775533305006547e+01 4.519058423367041399e+01
7.442008331522754361e+01 4.574546129645450065e+01 3.052284382586932665e+01
5.176194756149544673e+01 8.083325095188330067e+01 8.601366501173309587e+01
1.183844800886467752e+01 8.960269755000382474e+01 4.124674264165655302e+01
4.035223700574097450e+01 9.435387901539037614e+00 2.425517271882838699e+01
2.909989722279524571e+01 6.058341075820177224e+01 9.547988474544554549e+01
7.794107481990651820e+01 4.944506244466104761e+01 8.659906337175215185e+01
7.726808960647969116e+01 1.441766659302167142e+01 2.688743676603322541e+01
8.661341971601842715e+01 2.141386281216322018e+01 8.072199323442610819e+01
4.720392629193182188e+01 6.715527103421297284e+01 7.634019315308935916e+01
6.138759891654932233e+01 9.221712825919816225e+01 2.465775925090575171e+01
9.117829748300295023e+01 9.400488538851632825e+01 3.707535879756307384e+00
3.086118142636351536e+00 4.869136894245832536e+01 7.203893623574030869e+01
7.522471619720268166e+01 8.626383486425253011e+01 7.856516328691995454e+01
7.540889501063590217e+01 9.660735543131509928e+01 2.214093943424574462e+01
7.155439671450361061e+01 1.874194428366978826e+01 3.795519249602821077e+01
9.123009958685211984e+01 9.604841276946093842e+01 1.953896733753709469e+01
7.326803093566553571e+01 4.321120712904621541e+01 3.874955984366016537e+01
7.414777129203180550e+01 8.760422109246238165e+01 5.266655416339085605e+01
7.553665290938830879e+01 5.716626718969806120e+01 4.518888602081750250e+00
9.525037548584165847e+01 9.326749902105536449e+00 5.517232656385328937e+01
3.838186364021103714e+01 6.483702216242703820e+00 3.109521646476915890e+01
9.010010836694632985e+01 8.088220116210088406e+01 8.882765599068342510e+00
4.878685343446718292e+01 7.489548524418057696e+01 4.138682331024453731e+01
2.437317610767109244e+01 9.567123409237922260e+01 6.401722934056633108e+01
4.004343532086159030e+01 8.742048935011061417e+01 1.702189220785808033e+01
5.013599964286215283e+01 7.581434295113027133e+01 4.188921842960581188e+01
2.140448927353918407e+01 8.849818352379665498e+01 9.899298830048830666e+01
6.441399602424499449e+01 7.138148893219614877e+01 9.712486684778208712e+01
4.469746635384876043e+01 4.030948901055086964e+00 1.059214963580721403e+01
7.145105334257848995e+01 3.881979129755519509e+00 3.139974329746364390e+01
2.429326260563498963e+01 2.758227840839044820e+00 7.869267785437065754e+01
9.101683315992103473e+01 4.363272948650482874e+01 9.023701655953740897e+01
7.806234127154351654e+01 5.863549680446060819e+01 6.344188703978714727e+01
4.825976294619579221e+01 3.200184598935238256e+01 3.545928758790068969e+01
3.414264969211966161e+01 8.369534544489208372e+01 7.093849083076197992e-01
1.235194759532248732e+01 6.606694342300694700e+01 3.088844460160404992e+01
3.812957533835758284e+01 8.092329238819823445e+01 8.857981849444751532e+00
8.068134084423829222e+01 2.217879259362908329e+01 2.117302847431568047e+00
2.545554989251471767e+01 3.122949435248883887e+01 9.536393134143997941e+01
3.537539495611687101e+01 5.573151225067265102e+01 7.813730967844072950e+01
3.393864065070828673e+01 5.014000090312939761e+01 8.381119443530953106e+01
2.423344270796328104e+01 1.107765542921095303e+01 4.711236931578706333e+01
6.289121933548571519e+01 6.624148603451639872e+01 6.085820168933975260e+00
2.686757718794013883e+01 4.677508881894023318e+01 6.884385332820458814e+01
9.483024003941112312e+01 7.661367798559680864e+01 2.987403403093453846e+01
8.924772457539791048e+01 8.412119199766262057e+01 7.314511404140570505e+01
9.343063164533475629e+01 1.462967180954037971e+01 6.963932598744026592e+00
3.035079949455386128e+01 2.448482019322937475e+01 5.775075600833204703e+01
4.761473875392494648e+01 3.404499148101591821e-01 3.372163861880041935e+01
3.970528082281520454e+01 6.597290716894936224e+01 3.833042264604672766e+01
6.460326318173937210e+00 1.215090060392600790e+01 8.642705499438527283e+01
9.391248031199495472e+01 1.660584309051097307e+01 8.670285216084984370e+01
7.085344973500095023e+01 9.146309971357757362e+00 4.341672029663551058e+01
8.573359301540028454e+00 6.830387948147351551e+01 3.950263609782692953e+01
8.031273288236016583e+01 9.816067720512504025e+01 5.445433970090730469e+01
2.434028474187520530e+01 4.988090427717315833e+01 4.517837426385451494e-01
2.113457412146359005e+01 7.114484790829962435e+01 9.847436287702315383e+00
3.616219327028113995e+00 6.166236376099740824e+01 4.535995424623281735e+01
1.013580184992419753e+01 3.364426604827506395e+01 4.518089468191369917e+01
9.064665447690801159e+01 9.301985134193738247e+01 3.790764817976140932e+01
2.823353293181528656e+01 7.184237041123647316e+01 9.133778258201313349e+01
9.420812077584507449e+01 2.701699209425822978e+00 3.630050725708500181e+00
1.094375575281222268e+01 6.007204183444383716e+01 5.659600261197532944e+01
5.397366618886193379e+01 1.862790115665472612e+01 5.473496794667919829e+00
9.296788776131597842e+01 8.472375602856029531e+00 7.837310886027131573e+01
8.997302450773470639e+01 6.144361941511249370e+01 6.481981305139697724e+01
3.710349904118904618e+01 7.488709230205698475e+01 5.279225661812692039e+00
3.677392880959995125e+01 8.374197576464215587e+00 7.556230755262555476e+01
5.441344883997589754e+00 2.749315359149806426e+01 1.265152520033392491e+01
4.769571260855759220e+01 6.934352782035475116e+01 3.753309495405810736e+01
8.913745248174511460e+01 9.300948564079347136e+01 4.923610635318508599e+01
7.722410365279165489e+01 8.519748769130008270e+01 5.791679894233661940e+01
3.908718012895240346e+00 1.380447505069881675e+00 3.725299539929663695e+01
7.337551968258449619e+01 4.115262731444562405e+01 7.767150104088149654e+00
5.917308799409508424e+01 4.852311539221251024e+01 9.729186812608617174e+01
9.247691040552751929e+00 6.014888496889761882e+01 2.285492185600731574e+01
9.513272999475272229e+01 9.548863227060472525e+01 7.880368097039945496e+01
2.508139875673774810e+01 3.978153114813676439e+01 7.272148663389737067e+01
4.691154004030229174e+01 9.398492427815561712e+01 5.449243822727595443e+01
8.883801421149532018e+01 7.342101865085433587e+01 1.097174005171290823e+01
2.503837124545653836e+01 6.635290560141299920e+01 9.420429907586338913e+01
6.239411785687754275e+01 4.361032229756067835e+01 3.815379934832028397e+01
4.065708222203699762e+01 8.251545095379950112e+01 6.940711718328551605e+00
2.906057566071942233e+01 4.479977421148731764e+01 7.790392835140733041e+01
3.287102659826175710e+01 5.616697162953787625e+00 4.345553756156115099e+01
8.585561921407624197e+01 9.368285497203429202e+01 8.891168192556216354e+01
6.334109218011947462e+01 5.032438621989321348e-01 5.047284578227664298e+01
1.139938306235919185e+01 4.050190398063622155e+01 8.468191927911070138e+01
9.021437670925017471e+01 7.919513599009934524e+01 6.568026393372412031e+01
7.339679360558093890e+01 6.022904339512631111e+01 1.993047039990226565e+01
3.264787443601812811e+01 2.066532245410803625e+01 2.881592917054556224e+01
9.732376162650911056e+01 8.055126461750482747e+01 8.650894346587001849e+00
9.973266697682787196e+01 2.365258144009729691e+01 5.061986355559722028e+01
5.836803627890296831e+00 3.820682269405703124e+01 4.759181064064751610e+01
1.437105452218102641e+01 1.555057357611361368e+01 2.882817947403673031e+01
2.595916987336402926e+01 1.544268219183323509e+01 4.272664587035917094e+01
4.571850218701983692e+01 7.541819638172894713e+01 6.300464421587692243e+01
8.045579390013305954e+01 5.088829423625588078e+01 4.522760871908205615e+01
6.302610881606950244e+01 7.378067489515446198e+01 4.128760345237915885e+01
3.620422891185024383e+01 4.351307876655957330e+01 9.460682700580449023e+01
8.166569349335939876e+01 1.194912201838739207e+01 5.430598530796009271e+01
1.550201069375226659e+01 5.957167510900169560e+01 5.741514207787026436e+01
7.510589467102948902e+01 2.566733645421126475e+00 7.357280649345079837e+01
8.487523860763403150e+01 1.164073508514396060e+00 3.178199463500620681e+01
7.657449079338766751e+01 8.265527921214062701e+01 8.196539521572451292e+01
2.188475031728626163e+01 5.538983368317331468e+01 7.289749200677187346e+00
7.218547239555702788e+01 6.401443788095626530e+01 9.575636603445559558e+01
7.678339902992792076e+01 5.558718568683865868e+01 2.903699505174415307e+01
3.796954052341003916e+01 2.749651848051676239e+01 3.597916067172093335e+01
4.025919076189673262e+01 9.965588647031252378e+01 3.056193865106855512e+01
6.996141305283872214e+01 8.572733215428762321e+01 2.237079478133541244e+00
9.240751622551698574e+01 2.888436953184564260e+01 7.363634248947681371e+00
2.479749347182312746e+01 6.256642197793772198e+01 5.306758799075278432e+01
7.680066413827373140e+01 2.479242876634104675e+01 7.335027245543564334e+01
7.207259075299784001e+01 5.735911441200286731e+01 2.883971297120142552e+01
3.422825551905678054e+01 6.043663294387987861e+01 7.690875705521858663e+01
3.223966215637326371e+01 8.879695986761888093e+01 3.690305444487541564e+01
1.748028419286623603e+01 1.875578086710632064e+01 1.718002445162489877e+01
8.790790575940459917e+01 5.583816715328059388e+01 8.241704288008062917e+01
1.799419857834726599e+01 4.357177145410403796e+01 6.130814752033608706e+00
2.096449901690488105e+01 5.790413063014842265e+01 9.595064350036687983e+01
7.180311166824068891e+01 7.900048931444146660e+01 6.188080703487874956e+01
8.802408962502764211e+01 7.156692921256804141e+01 6.196249113646241824e+01
4.800037321212813346e+00 3.037414867125430717e+01 4.484372849784411841e+01
3.888169577614522154e+01 1.156985233332676799e+01 6.690054300091028949e+01
3.328493468826812318e+01 7.153850170382088436e+01 6.282368343344825234e+01
3.294667261067429909e+00 7.667475770469393126e+01 9.702705108134743739e+01
8.164426056360946404e+01 7.255775174829793173e+00 2.426507457834842185e+01
8.316152164629282595e+01 2.531672405682313709e+01 1.026219467449096534e+01
5.139507874111875907e+01 6.921717791486608462e+01 4.132488676460491916e+01
4.961571509675699332e+01 7.922654405542976974e+01 3.876991185327488409e+01
9.718638408739765921e+00 9.596405397689747474e+01 6.070978962449571270e+01
4.731935891730076094e+01 5.805933425643349466e+01 8.845223440805771276e+00
5.972527435433760701e+01 1.084144654858642021e+01 5.450162135562618460e+01
3.432147301560791419e+01 4.131398143683085777e+01 1.529277002885908132e+01
9.886577265254395286e+01 8.090501565316874633e+01 7.339183859014076461e+01
6.595931696686400869e+01 2.569538304299408082e+01 3.392898788679364941e+01
1.159128569076882620e+01 5.958396081065001937e+01 1.658607956172946274e+01
5.564751828428643421e+01 2.890595779833892109e+01 7.970010762001791704e+01
1.367864275099135440e+01 4.465303296241144437e+01 4.956723014225568846e+01
5.963815545461821443e+01 9.018806359912012738e+01 2.568022948060142596e+01
6.460586131209083760e+01 3.674912498538430583e+01 8.699186817911346736e+01
3.620504376248813116e+01 9.357081606014656927e+01 9.004544266449033785e+01
6.639924663094424773e+01 7.293624422785541128e+01 4.492503528827772641e+01
7.133673811226351802e+01 3.995773102267702370e+01 7.500087337759822503e+01
5.142146505552229740e+01 6.129903405544714445e+01 3.568227767858738986e+01
3.730275559427818166e+01 6.728169928591705684e+01 5.681787391967386469e+01
2.465172693908992585e+01 6.740711621880095095e+01 4.560695654692973022e+01
5.741838278878458368e+01 1.909255069844950636e+00 3.227259705839175297e+01
3.639917108687082958e+01 2.662840026569540797e+01 1.756343326579332853e+01
4.007708855603206644e+01 2.037816964023765465e+01 3.321444272202693782e+01
7.233715848145750726e+01 8.793086572306422966e+01 3.646451423324592866e+01
3.924936970136545256e+01 9.401506767742128545e+01 4.388060210166644382e+00
2.826545482976520063e+01 4.915724365486907743e+01 3.568678217894827309e+00
6.374918518293770830e+01 4.581715326804237520e+01 8.353193468760308349e+01
4.934321521977524583e+01 7.669698770581942426e+01 3.240505308877457225e+01
1.638823647138549688e+01 9.609242976104376055e+01 3.549335725348189641e+01
9.509159648954046418e-01 5.456789376531046010e-01 2.553507578482187057e+01
1.838254478424535776e+01 6.489536611454150261e+01 1.978013272373065945e+01
4.062564804451071154e+01 9.494971613491854612e+01 3.900459090820257302e+01
9.364706142437404424e+01 1.057301747089167776e+01 4.422131433081610830e+00
8.759932625197747313e+01 8.813955701667289588e+01 7.905455614987178592e+01
4.275706998876083986e+01 3.573625510361782176e+01 4.159504251053832746e+01
5.753652307333740623e+01 9.413817202173923704e+01 5.474578279097810452e+01
6.397196672989898047e+01 9.846008043970694246e+01 9.195583786636272805e+01
7.209835664131847466e+01 7.319331006815814078e+01 6.878521837239429715e+01
7.374649741185362473e+01 2.679563344195695507e+01 2.634576914595572106e+01
8.982428749940433477e+01 9.607577832131769924e+01 7.280616839193184830e+01
7.957217704361085886e-01 3.560147095647694471e+01 9.968731504257033293e+01
7.898786303732599379e+01 4.304562756459976214e+01 9.721424429773622933e+01
4.268657369628019183e+01 1.360601293928306355e+01 6.969971328875730876e+01
8.118304532818935115e+01 9.426806329327168044e+01 2.907498530004777137e+01
8.773144431689149769e+01 8.071430454861395276e+01 8.419456160604158867e+01
4.005609146446204960e+01 4.439902463822830825e+00 5.505308459802448340e+01
2.686437856861781981e+01 5.526613074626887112e+01 3.088393158234217140e+01
4.206412081415084003e+01 6.335987392379026772e+01 3.612811947509852928e+01
9.276003486618846239e+01 7.072132266521855115e+01 3.393960486966594203e+01
6.666149770469961311e+01 7.768654592026605599e+01 8.897991284605720352e+01
6.549879891045621605e+01 5.379327193384597905e+01 3.243394721486728827e+01
2.729040758396722310e+01 9.641776377152960720e+01 6.573067496337009175e+01
6.149615240275003458e+01 5.980106063956463203e+01 2.400331938457684799e+01
7.368969048412668599e+01 2.502012363034245013e+01 2.828784188692823331e+00
3.133243243502258224e+01 4.726620680368503713e+01 1.130478186077650271e+01
5.037019955879795674e+01 9.034991300631860156e+01 4.041333141678364882e+01
4.837152633639361454e+01 4.089634265671902114e+01 6.714212668662817407e+01
8.087431637642460203e+01 7.104170731984741849e+01 4.156068784213879042e+01
1.240728961578551015e+01 4.085746589291338182e+01 7.085991089929331110e+01
6.829174055103605667e+01 7.892625209401987263e+01 8.133778843564563488e+01
9.155994645000752996e+01 2.557794790459475465e+01 6.011678525627380054e+01
1.788095847609735145e+01 3.388382761146610989e+01 9.130718085063207923e+01
7.749782908426189465e+01 5.744614015088529158e+01 4.535509327220733411e+01
9.197238823043217337e+01 5.171267513214058198e+01 2.011402919520781651e+01
3.176185654703349570e+01 5.579579456376595203e+01 4.395188679685511346e+01
9.566986409207412834e+00 9.421542277383693431e+01 6.182469005076477231e+01
4.561889662498295195e+01 5.362524622441299016e+01 1.144465393310523105e+00
5.729114884225506898e+01 1.491167528203322057e+01 5.147837306149294356e+00
9.417508845559589759e+01 9.767288898200931158e+00 3.522520632772179283e+01
1.963717418810875159e+01 8.581441675451186768e+01 6.588512333688825606e+01
4.088049344359742321e+01 2.318638236306682643e+01 9.164807442502500123e+01
4.877085085245064278e+01 2.510471165992873566e+01 3.307405618842612682e+01
1.846495943923689254e+01 4.865009390901303732e+01 1.315577368161009453e+01
9.566322719375912698e+01 2.538308772856872153e+01 2.239230012143884707e+01
9.309873624514676038e+00 2.110846924907932021e+01 5.714060210962984598e+01
4.378117039008526490e+01 8.297466203593717893e+00 8.488292772071826420e+00
3.990458219958679109e+01 6.784173025075605779e+01 4.891781867883474888e+01
4.298364350588913396e+01 6.519316693173328758e+01 9.332572935547023718e+00
5.814551865346832216e+01 4.199362026135996473e+01 4.967273634172816088e+01
6.370094860331671782e+01 8.936196545960754634e+01 6.688755844024593955e+01
3.842284859537416963e+01 5.380197301395372733e+01 7.917432993335367541e+01
4.686882538644502461e+01 3.754076051183356810e+01 1.507110060370946414e+01
5.705448608406836541e+01 4.770938709680687850e+01 2.968798640378971143e+01
5.388987688699222645e+01 2.178401254143318511e+01 7.455591712935604676e+01
1.311009619792391589e+01 1.915681928932549027e+01 2.699577204116356910e+01
1.054351471692902464e+01 1.959943922414752038e+01 9.638782994339052834e+01
8.275497387068836019e+01 4.501202260102705566e+01 1.869256899986005038e+01
9.068314848257405458e+01 9.825819442281726879e+01 8.685193367557559441e+01
2.437276286642173773e+01 5.203473985089780740e+01 5.960343900036634324e+01
5.194781090025695391e+01 2.771291608839102594e+01 8.596198191075433215e+01
4.385517120546778358e+01 3.291152996531469910e+01 9.154103450704188560e+01
8.953317501231860831e+01 4.612859082321625692e+01 8.585123562830605692e+01
5.919717034570388847e+01 7.381788333606287722e+01 5.496018916821413569e+01
4.668398143496544250e+00 6.947416440917486113e+01 6.532886343955061648e+01
2.955892887699753757e+01 1.908285510767981918e+00 3.681766566822575193e+00
3.766861201123824543e+01 2.719406930367329611e+00 9.373832965141563989e+01
4.712909278486714015e+01 8.960338176481836570e+01 6.244108999637866475e+01
9.977157156649872150e+01 7.225421940630613449e+01 7.217672329343758975e+01
4.114574391284856603e+01 7.927698991518738580e+00 1.289103819496639769e+00
9.220507395996746425e+01 4.010739203975792577e+01 8.030990293260407498e+01
1.858607421175899788e+01 6.049576407461916006e+01 8.958502913111550470e+01
6.250363750495640858e+01 4.355547459512365549e+01 7.647341498349595668e+01
5.688158471574110564e+01 9.705769541096667297e+01 6.449037069774733766e+01
5.496160144414537996e+01 9.726372239199939429e+01 9.421833294653782787e+01
3.226393876413312967e+01 8.234906548259920100e+01 8.709837624503663278e+01
8.146495532331795175e+01 5.368866743248941020e+01 6.530684173422362448e+01
2.833004768758723557e+01 9.957420763489231774e+01 7.633256019770723810e+01
4.683875863272927376e+01 7.067736283194977887e+01 2.418950048064174752e+01
5.073301807895553850e+01 4.555805659402588503e+01 2.094415249095449383e+01
2.632103850380919141e+01 6.075545931950858858e+01 1.147945149376272767e+01
1.644006906900343878e+01 1.684014495059438232e+00 3.076514553042749611e+01
1.643611739186988530e+01 4.077020116026820773e+01 7.594995871735737580e+01
7.683913447802893870e+01 7.769073632032895205e+01 7.592635793577645131e+01
7.970629417579644382e+00 1.611942284377175838e+01 5.759380220691986096e+01
2.227616077889006263e+01 7.393670808134221772e+01 8.139585244860622026e+01
3.399721547446322489e+01 8.904652727187369976e+01 2.157913145596218740e+01
9.439442513945738966e+00 7.312977365713926758e+01 7.356373490726427633e+01
4.767870243826922660e+01 4.353349538300697219e+01 1.022171878102031783e+01
8.551681186596350415e+01 7.737352699487998109e+01 3.108068551301780147e+01
5.061461451462745487e+01 3.251125867001376690e+01 9.835950738642115709e+01
8.338819241452209496e+01 1.876891865395149495e+01 8.157303364181814231e+01
6.130544056509522477e+01 9.472919363711747565e+01 8.067652719863301058e+01
3.564609178702362868e+01 5.404006137272276966e+00 3.254823145314497168e+01
4.848034547639223746e+01 8.687233501674201364e+01 6.865974582682763128e+01
2.269928732027499763e+01 9.444164954667071754e+01 4.551451497218958764e+01
9.394964635085172233e+01 8.540479239758658636e+00 2.253202057351697363e+01
9.113362173530947530e+01 2.416464341787749603e+01 6.428091275373915003e+00
9.817430120785581948e+01 9.834883950669770059e+01 7.140004048498266798e+01
9.025479029893666905e+01 1.825583701531320457e+01 7.686559755136568306e+00
3.905473266991747749e+01 7.941916816215720587e+01 3.454429718142563388e+01
4.225149364509170624e+01 1.238219602536385722e+01 3.214939317316925127e+01
3.686857245015268347e+01 3.619068557297641320e+01 1.031561118491906015e+01
6.495589731701369374e+01 8.359609810097500926e+00 5.019522213672990318e+01
5.289004468587877739e+01 2.922920939990983769e+01 6.748867220526385324e+01
1.700534889843859787e+01 5.365122639503228896e+01 3.973110077230847281e+01
8.824600893201883878e+01 4.846076745194230995e+01 4.919728773728861881e+01
1.357728667356410313e+01 5.785120509241244235e+01 1.227494011607017654e+01
2.403453991144192159e+01 6.060079084764861079e+01 6.069231894316659748e+01
6.679102652902146531e+01 8.784314479408162413e+01 9.776891933934057022e+01
1.603892247768147072e+01 7.055710228259816574e+01 2.753756820723085585e+00
8.154292178093758992e+01 8.767116716103450358e+01 2.600605406106484452e+01
8.443634066768819935e+01 6.941124792368036367e+01 6.243697187259424908e+01
2.378931580968963644e+01 2.822184542637913296e+01 4.557099617390749557e+01
5.199594455541220128e+01 1.970390612746527736e+01 8.301436508932755487e+01
3.809881257786329467e+00 6.929087479678031514e+00 3.522838364617959428e+01
7.256384311831514822e+01 3.302473817879333495e+01 4.694287135334267447e+01
1.867365934397735572e+01 3.218523252023383918e+01 4.862474754631195140e+01
4.450507976551296707e+01 2.453712271474539630e+00 7.670218154550667577e+01
6.716164246556955675e+01 8.654128987872387313e+01 1.395960822000494872e+01
9.744848808839863352e+01 7.073972837131892177e+00 9.354692037765171619e+01
1.118485872372351153e+01 8.364089571004005563e+01 8.520915975029758727e+01
1.854708608529476166e+00 2.030484062657422584e+01 1.111028557191201571e+01
7.814058659564335585e+01 2.105087382486825476e+00 5.143952414577409371e+01
5.761263916420783460e+01 6.289749862715103745e+01 1.074256782860437731e+01
6.474736132323387494e+01 4.333641747042459968e+00 4.553576003892947455e+01
6.155871870352513042e+01 4.929163022050084919e+01 1.057408904039020037e+01
4.141939833652163827e+01 1.100414942253333805e+01 7.280290030360107778e+01
7.598317788427867470e+01 2.348475742733158178e+00 2.337955127020341362e+00
8.897486733516453228e+01 2.112249105619927647e+01 7.797654577568562217e+01
6.560614754253160186e+01 7.196500562616206764e+01 3.335996784875261767e+01
6.459952510573280904e+01 3.680384114402005480e+01 7.550431291817216106e+01
7.359553983716561731e+01 4.201588323290098259e+01 7.759826644173273280e+01
3.447473997322474304e+01 8.626444601327912665e+01 7.650112462896758814e+01
1.362710302784019234e+01 2.525279161436069231e+01 9.545632404785564518e+01
9.471567767520457437e+01 4.695588065654821008e+00 2.073081987736618004e+01
3.508727645328563227e+01 1.991146236591486840e+01 7.301319355977986092e+00
4.246041082188030202e+01 6.116962996601679237e+01 9.662363815552072310e+01
9.955849558666652399e+01 1.547141553405494463e+01 4.180743147752621525e+01
6.466648970847927558e+01 4.958204935386788748e+01 2.413130638689986540e+01
2.800301686740711560e+01 2.012502018866304354e+01 7.542017577261908912e+01
9.884370955225068656e+01 1.225935635270992741e+01 6.012721880582003564e+01
2.832053755990728661e+01 3.499220195896721464e+01 2.997654986527536991e+01
4.482404558028729724e+01 3.189244398135313574e+01 9.553536680084778254e+01
4.627218940414208248e+01 9.773267799458017180e+01 8.580195707757566481e+01
6.792719759927510381e+01 8.734169101771711041e+01 6.686505057837187849e+01
4.662433329806725624e+01 9.514523859959524543e+01 7.707900747616223214e+01
6.804667206571079419e+01 7.474412144023168025e+01 7.163333722294194672e+01
9.782010627480630660e+01 4.530064253413967634e+01 5.960926352671144457e+01
9.996919663729954664e+01 6.766493193922107707e+01 8.036657512672627490e+01
4.612360336673528849e+01 1.654119398291600262e+01 9.918935162688057972e+00
9.303991245807243615e+01 3.680163402244400572e+01 6.578751393307767614e+01
2.443259686070964332e+00 5.220199784359543571e+01 5.421911468270065626e+01
6.899329659711764862e+01 1.798375348931726592e+01 6.166685275099214891e+01
1.377465187489325160e+01 2.054317472794513577e+01 4.483179001363622262e+01
2.255821710576042705e+01 9.800856916381540884e+01 9.342038948106565499e+01
7.949510559994932279e+00 8.426257084286355337e+01 9.351808166064196826e+01
6.439243161719268471e+01 3.428625484967459158e+01 6.239327408041992840e+01
3.061264404748679269e+01 5.752211498262776956e+01 5.768885440646370455e+01
8.441651192078448673e+01 8.773656827540918357e+01 1.487675525515530595e+01
2.583122940544139112e+01 8.778059765832317396e+01 1.043704681782009480e+01
8.171910258188253806e+01 4.549512399259856466e+01 6.517766631447656778e+01
5.687626682295279323e+01 6.002239558364530581e+01 6.920447695510465280e+01
8.938049440378156874e+01 8.862829559110549837e+01 6.395929313257418158e+01
6.792048055554059260e+01 3.395098741829999511e+01 1.238135827056789928e+01
5.745567393870847184e+01 9.391429856692074907e+01 6.883222631022562155e+01
1.414513051351560335e+01 4.132293773419757343e+01 9.170213405520628669e+01
8.836933520008693677e+01 7.040749439332635973e+01 2.034745471964421881e+01
5.238302141099470788e+00 9.400246758903608679e+01 7.992809770107275824e+01
8.350517466063121219e+01 4.389188717969446429e+01 3.687932373854921053e+01
3.243462543801933862e+01 3.322251703451872817e+00 5.938164728509425316e+01
3.401556496897328863e+00 7.324715304478138478e+01 3.792389328512901869e+01
3.128185331869174490e+01 4.035990599566383707e+01 4.709923548072650590e+01
8.339793567571489064e+01 6.183035939993821728e+01 9.004612177205092394e+01
5.901516499887615907e+01 1.454146537261109629e+01 1.990380957225404046e+01
6.078813121250359330e-01 4.829916176399215999e+01 5.028216823077730169e+01
3.274357379862791362e+01 2.063619004583172600e+00 9.022484363650661976e+00
8.965193773961597401e+01 7.133660033282636448e+01 5.343211668926405622e+01
2.847392980374461402e+01 6.977814064660333315e+01 2.898863344611175563e+01
4.740862081327268385e+01 6.932091722388929611e+01 5.359667747258186665e+01
7.961088165614442858e+01 8.596270566191853391e+01 8.355071181760615673e+01
7.583420826608116272e+01 1.189415479959220434e+01 6.770851975704776748e+01
4.722160757782011942e+00 7.628079598885922508e+01 5.872831765843632468e+01
1.341152184413932957e+01 1.007765517040920500e+01 2.029070194373794322e+01
8.589565423022624202e+01 2.990949399213008775e+01 8.141908727622482900e+01
4.210280874210670099e+00 6.087244477830696354e+01 6.895236271034849551e+01
7.255230158093161208e+01 3.386525902455639336e+00 5.630033077208403824e+01
3.530638373053947277e+01 2.766444774746408086e+01 1.884056810800339576e+01
4.441191783839282436e+01 3.993107046114840841e+01 7.846934882669982869e+01
9.887384406767975520e+01 5.950013296919867400e+01 7.862385740444189253e+00
1.539204302550594150e+01 7.553460709019370256e+01 7.452961242156308685e+01
8.432703374886996173e-01 8.066749879193413619e+01 1.451621586154736576e+01
4.464182668075989113e+01 4.657406263543278158e+01 3.876330886037185763e+01
7.162007868615749828e+01 2.817724438340861681e+01 4.331475487914489264e+01
7.198586326465171226e+01 4.604834759552666412e+01 8.574043926550487527e+01
7.330171697800691888e+00 1.862331693887442441e+01 6.257410759877013007e+00
4.694493537476619593e+01 5.941172343189139582e+01 6.902099178009758873e+01
2.677948186506981898e+01 3.541833854083583333e+01 5.781873458471903149e+01
6.160795073117785137e+01 4.776579385578854442e+01 5.621276136009226576e+01
9.585098328290807501e+01 5.079026272531588404e+01 2.601143245690916572e+01
5.222145635488677584e+01 4.533232218790427481e+01 7.487095388580671340e+01
3.062558270527766524e+01 6.360614889379296955e+01 7.169091318488963083e+00
3.195621022418480095e+01 4.477545096307910910e+01 2.947046601829733703e+01
5.507265589274907569e+01 2.650275068654804755e+01 1.300543425435776257e+01
5.961850966788517781e+00 2.566952136068263357e+01 5.460165991974128730e+01
8.341603527892134196e+01 6.995495550293252052e+01 5.112890604846779041e+01
7.382153668032255212e+01 7.710420999080315596e+01 9.084366958353939481e+00
7.552740535503224351e+01 6.252005211823762210e+01 9.248172757806175071e+01
4.303662527993519404e+01 4.842850742556245791e+01 7.275304201869316501e+01
2.310385350392506609e+01 5.782447651623957796e+01 3.112635619690706790e+01
6.302354353381623753e+01 7.498905920091405619e+01 1.895651636246779148e+01
9.007785199756287398e+01 3.880560145962829210e+01 4.229099592545134811e+01
5.942318506049318927e+01 7.629779039343431180e+01 4.327103835144605881e+01
9.997856744558920639e+01 7.494377885414897378e+01 5.739324375083933205e+01
2.662366148799056731e+01 5.263100513534112679e+01 5.981465997958110847e+01
8.685124055255811015e+01 1.219937945600503326e+01 8.124389273355211571e+01
4.809272018661281400e+00 8.891960597516529674e+01 5.210126324570314438e+01
9.633533765328303389e+01 4.122186714722560197e+01 5.724302220474960734e+01
6.403976331760270568e+01 3.472503019779834688e+01 3.657398563801532987e+01
2.745877683586321893e+01 8.126153423563913236e+01 6.635229126552943946e+00
2.378415596441602986e+01 6.396784304445118607e+01 2.258708721127264951e+01
4.512871676040619562e+00 5.860550062588656317e+01 9.167144875529446324e+01
7.363031375462075800e+01 6.743365740344714254e+01 5.323637677187353034e+01
1.290972381893152843e+01 2.903915957979829088e+01 4.054456768055484162e+01
2.610451227090007009e+01 1.654528360808182796e+01 3.819687743145228076e-01
8.110905085579279472e+00 9.744624659164202285e+00 8.350546175044314623e+00
4.573446143662697239e+01 1.985755166373802538e+01 9.954170732305669844e+01
2.869367209043527378e+00 8.517263001084391760e+01 3.753765117516192618e+01
1.379282303076276861e+01 4.286160848603103091e+01 5.966741822300571130e+01
7.576148687438424645e+01 8.937091322020505402e+01 7.934247120519987817e+00
4.348585195303860473e+01 7.334600042316074564e+01 2.603002532839638761e+01
9.361366028732658151e+01 2.778393401542293972e+01 9.336192035154711633e+00
6.492976686847751466e+01 1.705100306205708094e+01 9.204357185013986964e+01
7.067939148118681203e+01 3.723726422368206812e+01 6.232814754388993350e+00
4.189517508056886186e+01 9.937204622863204406e+01 5.571801626638168869e+01
6.280356724905485066e+01 3.790460708546540047e+01 4.396538840678433502e+01
1.233736275560495343e+01 1.428413643607562378e+01 6.924478575740256048e+00
4.237056954493384353e+01 6.548260959197968134e+01 6.460991479080301758e+01
2.340071856128291827e+01 3.218396126897390275e+01 5.713998128981098290e+01
9.370013137071224207e+01 4.170223407721616127e+01 6.077583566179198726e+01
8.908488117714101406e+01 7.422413605143574955e+01 2.656041637737426342e+01
5.099228188903010306e+01 5.708244508157316233e+01 4.711913590366878424e+01
1.440186079832793631e+01 4.226143192856457453e+00 9.392730638800112786e+01
1.390374295117756631e+01 8.112843838951692987e+01 8.231647054989433343e+01
7.656009274322289571e+01 7.584799908052374917e+01 5.996260028673366094e+01
7.553403248646634438e+01 1.231376062731974841e+01 4.493303241412345272e+01
5.619823621806969527e+01 3.845222346725164186e+01 1.297455521324930583e+00
1.733471449568352440e+01 3.372089790066957704e+01 8.244332372771060591e+01
6.789502049088139302e+01 6.616760644616690001e+01 2.164884785596178318e+01
1.529851318737294186e+01 1.788762519119874028e+01 5.443374485445828981e+01
3.334252112544281488e+01 2.523101107749435812e+01 7.678382318515872385e+01
4.571397883190044809e+01 7.539531263648932224e+01 7.183203063984227299e+01
8.784904566220215827e+01 1.030256580541055733e+01 2.293501509984366038e+01
6.510817244313270180e+01 3.866087146339596359e+01 3.114802173205825042e+01
4.266562363492310794e+01 3.405389128248936714e+01 4.427165626144628163e+01
6.581436036735682649e+01 6.719340724770939133e+00 5.432544710868003790e+01
7.475684566528543940e+01 8.239066047252833869e+01 8.451456390552931452e+01
5.518861709146784733e+01 8.566863802959289842e+01 9.686715235565060311e+01
8.147921323374180247e+01 2.821008793739352427e+01 9.089470920613830174e+01
3.180077044468820890e+00 3.397383961582167444e+01 6.803896091990935702e+00
9.893405971575562319e+01 5.128230946031231419e+00 9.889423814806164614e+01
8.157539013173911258e+01 9.301735734743445505e+01 3.055655269359061066e+01
9.242794476196371534e+01 7.792598806723019322e+01 1.506240970022520997e+01
9.289620345104128774e+01 2.107690696924064966e+01 6.937037188571677859e+01
3.590168725165288066e+00 6.200684951913972043e+01 3.267071415167033255e+00
4.398758597614433796e+01 7.920549347192128664e+01 8.982765969131362738e+01
6.082460607821103338e+01 4.223880151908706893e+01 2.718413085418569519e+00
1.932287732105657341e+01 1.500579945438843588e+01 5.718370298135140217e+01
4.235572422425509842e+01 4.126467023389762545e+01 6.291162178859580933e+01
7.935931982358962955e+01 1.130682308892053634e+01 8.385913724989032403e+01
4.465649503469110471e+01 5.487102134658371710e+01 4.567054335902073348e+01
7.859962763686951348e+01 9.011089922501311378e+01 7.262669066192319178e+01
7.151441392182189816e+01 2.667595745148715380e+01 4.153295760456809660e+01
9.628156274892958777e+01 4.276965293449129746e+01 5.111892642959132615e+01
5.586193865246394807e+01 2.125157350444227689e+01 3.386409016746183909e+01
9.351140957079871896e+01 8.492722072328584559e+00 5.854199642951357418e+01
9.194930844193588371e+01 8.321387434607400735e+01 2.434122113668804133e+01
8.078300200058748715e+01 4.986453293614520277e+01 4.602262257779673149e+01
1.716300920956664910e+01 7.765788245832494496e+00 8.556335839011988753e+01
4.279003456168985053e+01 2.660772061947164246e+01 4.705605735347504748e+01
1.347981032960693426e+01 9.932142862119748372e+01 5.748626402647970224e+01
4.750582831236589243e+01 8.310475968815963199e+01 8.824730212658367634e+01
6.346689464087214105e+01 9.179543526097655004e+00 7.355866769575895603e+01
7.928601251310163889e+01 9.791969935117523960e+01 1.522494726603450488e+01
9.395889879811069534e+01 3.397538056481675994e+01 2.137698867246679058e+01
5.145406546552574412e+01 9.239325577982432947e+01 7.327555185086237088e+01
3.109671791829526910e+00 1.665303802896787033e+01 6.415481015653701036e+01
5.487279919646754678e+01 3.994654708531908405e+00 2.148874333644780066e+01
8.731714928393888897e+01 3.182186140920146755e+01 3.899514040796412218e+01
7.444848424403512865e+01 8.419062459560605305e+01 7.394227000288479701e+01
5.226914442817243156e+01 5.546990511722997752e+01 2.962223708514439835e+01
8.612645571902791630e+01 9.503092589101666476e+01 3.618652774849800124e+01
5.061774280537679971e+01 8.738423473783862505e+01 6.799537790165420859e+01
5.845986215332695934e+01 6.251666973367980518e+01 9.170163785279711988e+01
8.660888303808619071e+01 2.716549046854269633e+01 8.606616539944454303e+01
3.288598302996892642e+01 9.724494256472705445e+01 2.996871636763103197e+01
2.591757439558192289e+01 9.973256762810966336e+01 9.072792305976878424e+01
6.703394102425671974e+01 5.795036808668088923e+01 9.198256727442576164e+01
9.060690147491146718e+01 7.598700535287399305e+01 8.815152781127056869e+01
2.194681867944333575e+01 4.706147126667715952e+01 3.332530510141141633e+01
4.171021739150515373e+01 1.676028823449654581e+01 1.038297651091026808e+01
2.381870188323211934e+01 2.902553287268361260e+00 5.089833613776433197e+01
9.579212887426845668e+01 8.610239763187652784e+01 7.593585770001321578e+01
9.759390768246912273e+01 9.691862313191876410e+01 6.657410135200362333e+01
6.455656062328662514e+00 8.157212006761658074e+01 6.274643010059880766e+01
2.092443723998407279e+01 5.264511607750489475e+01 7.921675982051529274e+01
9.586018042780135318e+01 3.142265746892311995e+01 5.196990455530836783e+01
1.573066500419478864e+01 1.396804029500074940e+01 9.145072253079203506e+01
1.798713853310736255e+01 3.134404145035389888e+01 7.877300537082843057e+00
6.850917598570704925e-01 9.218117370290687518e+01 6.792348823566931060e+01
8.232319398604373362e+01 3.271316492409646060e+01 4.641931426540061523e+01
9.369010423809882582e+01 2.578931116820271185e+01 7.483489413069246154e+01
4.072556472213061340e+01 2.164234531909223591e+01 1.670266943794692693e+01
8.724493511726750228e+01 9.612389046163836781e+01 9.099226160134875840e+01
5.233222018182716795e+01 4.717419016886290706e+01 9.809965369158335591e+01
3.692458456187870297e+01 7.830678014922146701e+01 1.168415391671401338e+01
4.530243605945143770e+01 8.396927043129274182e+01 1.608229795938837015e+01
3.492206800425334023e+01 8.556360044932468156e+01 8.891605848568848103e+01
7.176105047090595690e+01 2.457806151827796981e+01 5.661840948661929218e+01
7.127533460926075293e+01 7.693654013565844707e+01 9.978017082407401972e+01
4.341677533915078158e+01 3.906787282585078014e+00 6.279917496356123507e+01
6.621410083608432728e+01 4.270636134548544405e+00 2.475492764732269890e+01
1.663390249608787119e+00 3.869715040940086936e+01 6.115563821730336258e+01
2.791940004816829557e+01 3.271708351247634994e+01 4.241962227856386392e+01
1.202771459383158437e+01 9.923504096495607030e+01 8.869944928921444216e+01
3.112472917695371422e+01 3.377828548659847030e+01 8.103676229397206043e+01
8.610461021857820185e+01 1.719289078148555916e+01 1.769075127198066610e+01
9.663604023642959362e+01 5.901406535678733434e+01 1.817972902489579567e+01
3.446820406740059894e+01 4.382453428494744685e+01 8.656932924096197723e+01
1.321252544821969188e+01 1.746992838655768665e+01 1.309158785649604440e+01
6.893739877360941648e+01 1.419489972818556112e+01 2.168563186950931510e+01
1.579230063608335577e+01 6.619443740726363501e+01 7.040818511603853835e+01
2.266327318001885160e+01 8.578564178606029600e+01 7.085230288584678249e+01
5.514385583097216426e+01 3.951177439533230284e+01 2.532062313876857118e+01
6.646207571722307250e+01 8.228444265702935922e+01 5.321629782555609012e+01
5.927438158701284010e+01 6.552387053266215844e+01 7.866382841056974939e+01
7.620609439901406290e+01 6.027937171473607414e+00 3.326291776759948959e+01
3.353005731876965712e+01 7.243890079930487502e+01 2.771873918755912669e+01
9.984465351373492581e+01 8.853693459913213815e+01 8.281030164041206376e+01
3.063860111509472262e+01 9.962712820273779357e+01 7.251748136107806886e+01
5.997187343717553887e+01 5.708625824219409850e+01 3.388513822468509318e+01
7.122819688279953709e+01 8.957560324709217525e+01 8.943669180060005885e+01
1.618229472719445639e+01 9.011227670760194997e+01 2.204706939245875219e+01
2.639235132116879434e+00 8.014629896557600830e+01 3.357942942651709473e+01
7.367952243879251739e+01 4.391116504828369216e+01 1.672857090204961139e+01
2.918744167192962635e+01 1.011924786836836354e+01 2.750165890815895509e+01
7.223827356000171562e+01 3.837512497373186449e+01 5.263279233090699449e+01
4.995763896028013562e+01 2.492740602811225159e+01 2.557305725925140649e+01
7.941496499726314084e+01 3.567206554417789022e+01 4.143471063631730544e+01
8.371463776884640140e+01 2.204368763136894671e+01 9.427068410036704904e+01
9.889893358301460324e+00 6.381905138398124677e+00 6.698623164381481843e+01
4.206165510317217837e+01 1.164997658065035679e+01 4.837259458334948192e+01
1.245459581563338425e+01 7.971668291564004960e+01 8.083767229945445365e+01
1.114531717470915773e+01 4.951020948997950910e+01 5.065103986607545039e+01
1.913742271116354488e+01 4.791135633694809215e+00 8.026316172400068183e+01
1.844285275818011627e+01 4.234177475930809464e+01 1.651835650838169300e+01
2.690370466483804623e+00 6.078644007488527023e+01 5.353452627961036114e+01
2.545375423483351440e+01 8.233575537723422144e+01 1.518629816012070322e+01
1.344400161434403707e+01 4.692660589513842950e+01 7.822702448295977717e+01
9.554784223680631783e+01 1.174604848764298026e+01 3.399366840967269354e+01
1.913620838064287000e+01 7.213581869735268981e+01 7.585067299747485947e+01
1.308946879065917557e+01 2.013708963475739822e+01 9.939172715644633627e+01
1.604569915333378205e+01 5.090194533057553627e+01 9.676023738406037467e+01
4.804732719687632425e+01 2.141948366584930241e+01 4.853964163453987624e+01
8.436148789454264829e+01 1.275599885624855112e+01 2.004988687990188012e+01
9.808729451251540610e+00 5.732949548528909034e+00 3.996864909675235111e+00
5.663785105604108594e+01 1.310998000305517763e+01 2.479421062250273167e+01
8.575170808818651835e+01 5.614350930249768368e+01 6.537881184852339800e+01
2.699494722988134043e+01 4.409986479370277124e+01 4.881535875344610531e+01
2.378339995725685796e+01 8.203532350704107046e+01 6.915876655421159569e+01
3.723818889926433684e+01 9.112354493002753486e+01 5.670105613662137500e+01
1.197918528345176536e+00 9.132489763862371035e+01 2.196210786724337538e+01
1.875700987515637053e+01 5.847799098253231165e+01 1.732253066092562932e+01
9.053027767593989950e+01 3.555891284070581548e+01 7.996351116655017677e+01
4.123449241508650687e+01 3.186827610426728086e+01 9.783111762030476655e+01
4.613795171125642014e+01 5.010044567692762740e+01 3.086180675146661301e+01
1.796089373917377685e+01 6.392635266067961197e+01 4.655326073792598152e+01
5.915832401976401655e+01 4.033854656911137937e+01 5.106099740323114844e+01
6.089064927787226367e+01 9.596993063082990716e+01 7.873787585534620348e+01
2.685235878131798515e+01 8.156578483910979571e+01 7.235687207958307887e+00
3.040641768735357076e+01 2.193262730115850445e+01 9.101574513848444781e+01
9.920772430012262078e+01 4.410243363435686348e+01 4.517638731105962080e+01
3.056030568980665407e+01 6.911881366416720596e+01 5.198105994556413378e+01
5.900985603194950357e+01 2.894389622862483336e+01 7.644395860688777589e+01
4.306981298679338011e+01 2.420591562822191989e+01 9.103626718992671840e+01
9.545253544274021351e+01 5.445117261904955797e+01 7.572630222823171664e+01
8.466674285457504823e+01 8.467498832574585776e+01 4.863356600716439715e+01
6.066423261989464066e+01 6.054620563575750225e+01 1.002056030844772394e+01
1.848745252700584274e+01 9.264297545177223014e+01 1.466157953205163800e+01
1.569230861037823566e+01 3.358502847745734243e+01 5.588121815036062401e+01
3.358548955301101557e+01 4.328617482899477231e-01 5.401846390269349207e+00
7.095141024188565382e+01 4.958748158704391074e+01 6.841839287412237525e+01
6.109408166252372752e+01 9.965844843813262344e+01 9.627070794509631924e+01
3.276149751611951899e+01 7.349387902589509736e+01 6.233626652697683568e+01
2.236838105970173629e+00 3.586270602214419512e+01 7.272650130576838023e+01
9.318559603531728186e+00 1.519472405742700083e+01 8.714840221663268949e+01
6.904701788576019794e+01 9.774585222522198080e+01 4.380839399127456346e+00
2.340175885333961503e+01 8.054797170932104677e+01 1.095436100526094947e+01
7.242529906070198820e+01 3.859780805736379961e+01 5.857821950416857959e+01
4.955857419238603256e+01 6.340894131320919058e+01 1.416875286985721516e+01
3.474413145375122269e+01 8.583405766091664191e+01 6.869831807488725417e+01
4.412034422101883990e+01 1.487479896992938144e+01 6.757387239929239797e+01
9.339239600934190833e+01 7.339456483592189784e+01 6.199611361036927804e+01
2.302694041570553196e+01 3.201328529404398182e+01 4.756527597778702443e+01
8.517520331436448089e+01 2.457102133759719820e+01 1.584381443833362546e+01
1.501117768951770692e+01 5.069240445511025150e+00 3.667966539296722317e+01
6.408939331724583965e+00 2.336429383290318285e+01 1.925976811950086542e+01
7.071625904391038375e+01 9.549233612182149500e+01 5.939714691017676529e+01
2.302229368507553531e+01 2.084807153382305245e+01 5.219107563850622000e+01
1.260565876372710115e+00 3.816121102219373995e+01 5.357037143248973621e+01
6.608463711780888161e+01 4.188622717400959061e+01 1.051787185452887030e+01
5.193685154838001417e+00 1.896101031252134206e+01 8.439159407186564010e+01
4.248170795981713610e+01 4.639794657881267881e+01 7.993675110024711650e+00
3.671025272616035284e+00 7.146125785188669965e+01 7.639506828453079379e+01
7.174883482916037281e+01 3.087240836689508683e+01 7.742845384649938012e+01
3.253071032643072158e+01 5.787918306673847013e+01 8.625978650911848433e+01
5.415732628192764508e+01 4.001032548019984603e+01 1.274446511765169276e+01
8.313474641804975818e+01 4.370863326280920091e+01 8.210640826450987362e+00
9.792061807214997771e+01 2.398190509084809818e+01 5.898146745875830987e+01
2.702324498432187028e+01 8.961189845717017022e+01 8.413542216840103549e+01
5.965770368287031999e+01 3.232033874041007238e+01 1.400204731239940159e+01
6.635048861720812852e+01 4.822758758654732247e+00 1.596710765355703288e+01
2.926303502082860941e+00 9.462339970651942167e+01 8.339787266784176722e+01
5.350405394457655461e+01 4.400444489242527624e+00 2.412481760953372145e+01
3.768469328688686915e+01 6.342904450760714496e+01 3.664146093419660133e+01
5.845396652800121018e+01 9.612322858903706901e+01 8.225301240775338840e+01
8.493762139845738801e+00 7.066885351324737030e+01 8.284220772765389995e+01
8.400824448130497046e+01 7.081837323931939210e+00 1.772060536763375893e+01
3.357269583899815757e+01 2.906546420324658442e+01 6.787668350120371485e+01
9.748775833780658218e+01 6.235743382092079656e+01 1.742896604596237964e+01
5.234992577841548211e+01 7.917733786328170709e+01 9.136268463720278987e+01
1.799028405175409162e+01 4.159378231261240444e+01 7.922651956507745297e+01
7.103936331272400651e+01 6.641004823009060942e+01 8.845081031300895802e+01
1.003516644570601102e+01 3.799136520326626965e+01 8.430327071263479866e+01
8.273633732251551010e+01 4.381455249312087119e+01 8.716576955550048922e+01
1.684433988557164597e+01 1.931568630652005325e+01 1.315049249948525656e+01
1.397729091740401763e+01 7.662478970621846486e+01 9.531629858071042349e+01
4.475600221250819288e+01 7.927279610386433717e+01 9.928542854672078022e+01
7.900551847640103631e+01 5.081149960013429023e+01 2.555142598161643974e+01
6.962585924933975434e+01 7.199133868519145096e+01 3.340875420470892720e+01
1.306220929512532614e+01 6.770958816870742680e+01 5.076599624902065244e+01
3.669768509901527587e-01 3.418505115440425612e+01 5.462636499280887392e+01
5.972428876418488386e+01 6.728492781901974240e+01 7.526375838553678932e+01
1.696673480672955492e+01 9.359468374806151303e+01 4.564742669343009140e+01
2.087139125251313843e+00 1.098394305862416864e+01 4.315235014245337908e+01
9.210894560180112478e+01 6.167384309749897398e+01 2.724317914957838838e+01
8.121222222939854873e+01 3.154326316460265289e+01 2.047239945098580094e+01
9.350404620621294782e+01 5.896567767790383385e+00 2.292116760214202298e+00
6.549435212153009722e+00 2.263370259633079584e-02 4.551012995499002045e+01
3.039031044629129141e+01 4.928661915307407071e+01 6.526474156619666012e-01
8.584970507270971041e+01 7.256132280970082604e+01 1.164674800106140218e+01
8.603104759407099067e+00 2.895998850230850863e+01 1.713151003172923481e+01
6.147116479778463827e+01 7.114762716171264856e+01 1.327229556677672662e+01
1.535400636607148250e+01 6.708646011147111210e+01 6.892433529247911395e+01
6.351862374448275972e+01 6.560015543076403333e+01 4.231104360427458744e+01
6.930912989726610363e+01 6.864663338342779753e+01 6.041290154736240936e+01
4.595750308622047697e+01 7.205381548246458578e+01 2.278873066861875074e+00
7.467138864284528665e+01 6.853711540434426652e+00 2.870379956461067650e+01
8.619536989549058603e+01 4.578850038570435288e+01 7.528021056555012080e+00
8.729975330118250554e+01 7.119934396230804907e+01 6.248661859044042188e+01
8.156815247107317646e+00 3.503702407658458640e+01 1.004050792293671535e+01
7.841181912083861505e+01 9.577901406113410587e+01 1.601808100566316639e+01
9.239760230228820603e+01 3.075539967461541480e+01 2.062073216962234667e+01
9.454062147168011165e+01 3.895783379761470400e+01 6.852705330847376786e+01
5.358380115068069927e+01 5.398779069694811028e+01 3.890497772015804401e+01
6.980489067874626130e+01 2.041797100873063897e+01 5.561925822085693483e+01
3.072361399427619943e+01 5.348073854985017306e+01 9.453999304462189457e+01
6.978697859641594903e+01 2.746976005404079402e+01 9.503026575477302629e+01
9.707315273353739826e+01 6.270440257719258881e+01 5.386757483564053217e+01
2.118145654154457436e+00 5.570193075357824597e+01 5.646968838935598711e+01
7.739177893176727707e+01 3.139986326769933456e+01 1.925554218477383372e+01
4.421602234312768331e+01 8.721490271532120175e+01 5.006831653993395292e+01
5.885735770192967209e+01 4.783267368904301264e+01 3.705625125382140084e+01
2.687264728208081976e+01 3.174706300603718034e+01 6.351836311611292274e+01
1.865818438988309325e+01 8.656295496650479038e-01 6.923767923928319590e+01
6.707393331997668184e+00 2.446062553108226822e+01 1.690657691980975841e+01
9.858429785718485050e+01 2.718608747251279922e+01 3.019944524600462898e+01
6.153589568444850499e+00 2.115350859168988507e+01 1.121206389582918295e+00
2.518681683129835136e+01 7.620504818104448930e+01 6.072279843458384363e+01
3.942778695241975129e+01 8.419867015824083012e+01 3.558563916698671648e+01
7.359652615537368092e+01 3.114116364684668170e+01 6.852587097130559357e+01
4.128157142479044239e+01 2.917760812324132758e+00 6.309801983279620430e+01
1.366882548337869885e+01 5.733520812569795311e+01 3.551868428304481995e+01
4.055183813108638446e+01 3.856841407999538518e+01 3.199360934628252551e+01
7.690290766033861303e+01 5.321155114561577903e+01 9.098174891868492864e+01
5.888844584453576658e+01 1.726777532549520444e+01 8.017321529545617409e+01
8.345177799259266749e+01 7.477973761829032640e+01 2.908943400118730693e+01
7.933098376263035334e+01 6.543887265730052150e+01 7.106123328182661680e+01
6.670021131647575885e+01 4.573361423648204749e+01 9.424507932365487761e+01
5.042020990246405177e+01 7.841715091788111636e+01 5.527725143413408659e+01
1.928209845581730875e+01 2.391499193365176268e+01 7.454699343713311066e+01
9.263055856831164192e+01 1.552429026018440439e+01 9.710605421736624976e+01
6.330465614961133980e+01 3.058559071244132355e+01 2.397485911224376309e+01
6.481616221268400579e+01 8.422191807980303224e+01 4.682585570821730414e+01
8.774836492302929969e+01 3.877103544256807055e+01 8.601955483627405386e+01
4.949229984229930324e+01 5.198866180001894577e+01 8.353743573366978481e+00
4.853679451196951788e+01 3.094868440767942630e+01 6.598680942999136789e+01
6.515277884563982980e+01 1.834844401306715511e+01 9.777698683788689493e+01
6.061374941093601620e+01 6.532613589889498940e+01 9.513564459865673939e+01
6.594822718051696064e+00 4.263174196580293085e+01 9.883693061639507960e+01
2.751196381228007226e+01 2.769143994395715325e+01 8.535138587206803606e+01
8.449897466616037889e+01 9.410967725363991576e+01 7.316274517388416143e+01
8.311782714092952773e+00 8.552704037173231022e-01 4.153562189348055966e+01
4.682263304332131781e+01 1.145053996848253064e+01 2.011449313217090662e+01
9.521613834388530506e+01 7.253562868734579183e+01 2.383331635848672292e+01
2.462226127284450428e+01 9.393028905062926981e+00 6.478288003160578512e+01
3.272738196277204992e+01 1.717452375320655023e+01 8.154548112201833021e+01
9.132424764000130324e+01 7.494195398381251039e+01 8.331988504680568042e+01
5.895002087443885586e+01 4.315376719946437589e+01 4.918981527869848946e+01
7.489936647313744089e+00 3.726306659576425062e+01 4.899695408091022841e+01
7.956872196286148835e+01 7.236767431187641364e+01 1.108684293505747220e+01
5.593974322944199429e+01 5.971906832008416899e+01 4.139637693081537861e+01
2.901334497754370911e+00 6.552208133229443376e+01 2.770014817631899362e+01
9.518245976840728417e+01 1.936460708677897458e+01 7.216172466134348440e+01
3.220771827234164419e+01 9.335542311641600577e+01 8.388686234954796817e+01
2.511880711932401766e+01 4.413046054738125434e+01 6.401529417220498885e+01
4.655746128844167941e+01 3.417052435586809622e+01 1.158444839491171763e+01
8.200440609950288007e-01 2.832413151336517032e+01 6.592779390623250890e+01
4.614455347559241005e+01 9.178394762722486888e+00 6.998603524271641163e+01
8.237559936285579454e+01 1.538562314192274449e+01 4.772973417009352204e+01
6.415081200732338118e+01 2.404760156173693275e+01 7.059807554781551175e+01
1.499557709538050787e+01 9.217388355065997985e+01 1.144846918177859862e+01
1.715158949341059014e+01 4.786669571983874505e+01 2.076420058196764984e+01
7.894768907781961786e+01 3.215890315241380648e+01 3.905180638550750416e+01
4.192674310992858011e+01 7.001839315216091109e+01 5.553678325817459438e+01
6.937352806627261259e+01 8.048789239201836665e+01 1.490861559835629002e+01
1.580069377928476904e+01 6.654612942585866620e+01 1.197304490230319729e+01
2.814355296022286268e+01 6.400041177134873749e+01 6.887474833841774569e+01
1.135431065459725453e+01 3.588674619874594640e+01 3.163293665969460022e+01
3.283023668175663090e+01 4.577513977215508589e+01 7.180793229110619791e+01
5.760581804790058413e+01 2.755176898614355352e+01 9.502859592179551385e+01
5.762876894784356807e+01 1.020060032937212213e+01 8.179252282115963624e+01
7.490737966939335024e+01 8.400615153236475408e+01 6.449626346630988394e+01
3.800173452989253065e+01 1.435979550844485075e+01 4.756121190286511080e+01
7.328945501969251097e+01 8.280452541418193846e+01 4.752419021685783918e+01
9.738872485540488810e+01 6.498820131358625929e+01 6.845035499588887262e+01
1.937754314716899628e+00 2.598803571177377147e+00 5.759822719975091587e+01
3.554347480097257517e+01 1.031394930972184820e+00 1.732974935917286352e+00
5.066796888180296321e+01 7.098428287409414850e+01 2.556286474561069255e+01
2.455202375622180710e+01 6.889878613915132632e+01 6.048138231959614330e+01
9.759470106971835435e+01 3.701048434093221573e+01 6.110234396731578954e+01
4.963190556670505771e+01 7.393488779233990726e+01 8.848047101128783254e+01
5.944796515876309684e+01 9.280104440432924662e+01 4.907977840943522629e+00
5.225982730463361037e+01 3.390872323228871466e+01 9.073640304322213979e+01
5.709098260844424289e+01 4.593327502443934662e+01 4.944833569909570059e+01
5.332482469519737123e+01 6.315815993875598622e+01 9.763585327908565148e+01
3.226672370796786993e+01 7.140733463630866140e+01 2.812764446002299223e+01
7.198239399715045117e+00 7.731978726095604770e+01 3.849394150367613232e+00
7.459052740868830256e+01 2.750948777989258431e+01 6.231823198098890515e+01
9.612530495957378207e+01 7.754966376714618548e+01 8.965294718384674866e+01
1.590405086110339106e+01 6.281656516984376282e+01 7.444014311163951447e+01
1.881635923294883028e+01 1.691251668553353937e+01 7.115648120813293076e+01
8.144633309932901000e+01 7.105355511261623747e+01 5.963853086072003862e+01
1.490826751899025915e+01 3.071800275577916040e+01 5.251169461669270788e+01
4.015792499730707021e+01 2.541001086333445258e+01 3.366719865866087957e+01
1.743370589339992094e+01 2.308509374567192651e+01 2.034432181363779080e+01
5.414138605654568437e+01 8.671070784324322744e+01 3.201273462430115302e+01
7.303875704867601826e+01 3.236816004639351263e+01 7.651200054389094873e+01
7.219870388892029212e+01 8.803855457343472324e+01 6.107572689901938645e+01
1.536269643076809643e+01 4.206059658707489746e+01 9.702773133145915097e+01
1.630223655733660237e+01 7.543256004594627484e+01 5.520659932612690568e+01
9.452239379264926811e+01 5.331607887360083708e+01 5.023244182200051000e+01
6.302886962487960432e+01 2.215249033863123529e+01 2.673622598418298324e+01
6.822139769768629947e+01 5.056178931071676175e+01 2.492452186948379733e+01
5.132224784480854396e+00 7.583223626314989474e+01 1.596946296832357781e+00
8.935977242922584196e+01 7.455632506606546883e+01 9.885476223465656176e+01
8.739221941203567212e+00 1.378758930294782203e+01 6.840562805938877489e+01
5.383106730143859409e+01 6.087590113485084942e+01 3.978266817231087771e+01
6.314560431393472584e+01 3.290998503003288533e+01 4.060783790907211710e+01
3.214239156709933809e+01 5.330410251494642893e+01 3.869250692433712224e-01
3.248975341951165774e+00 6.236636420207707232e+01 9.152776142311529384e+01
2.280269805796740812e+01 3.200999469766243521e+01 4.957054608386165739e+01
9.225170355732244332e+01 8.947278693353244705e+01 2.010295584026866589e+00
7.095980825550778093e+01 9.826300106717378924e+01 6.743854286244760488e+01
7.229608163161083567e+00 6.641162468583554812e+01 3.331856576723982499e+01
7.587014227112595677e+01 4.498790284526984351e+01 8.243033373273858899e+01
9.946631225459996983e+01 6.273921082024092044e+01 9.427003061273640583e+01
2.873762508942541061e+01 4.832146684236039391e+01 2.725522885666882189e+01
8.893864493914549030e+01 5.473338767474231759e+01 1.606695889065038330e+01
8.964261492204003900e+01 7.497867493255456850e+01 3.339286482658240374e+01
4.635506345367949166e+01 9.247483579902004180e+01 2.991384257670982549e+01
7.040335215809982117e+01 7.652402741781749285e+00 3.974480214207186890e+01
1.708790210658722586e+01 9.947597197045064377e+01 2.774477773061984109e+01
2.430183420798628191e+01 2.826776402416010114e+01 6.071292924460934870e+01
8.298354795278689267e+01 3.404809596115874371e+01 6.998106709990845786e+01
2.358089963868944494e+01 6.477258178907923991e+01 1.252372254285047859e+01
3.470784238850772851e+01 4.418890180364547859e+01 2.977292111479144054e+01
9.052470562932047926e+01 6.736380635729382504e+01 2.510130287670441263e+01
9.029409347076465053e+01 8.850783450726329704e+01 7.649775107997546897e+00
1.790341203034508766e+01 5.176848418364055071e+00 8.730469856057112565e+01
5.208939781251736889e+01 2.154072978287134887e+01 5.006413194034487901e+01
6.415836938859595762e+01 9.256706960828816477e+01 1.264362904333464854e+01
3.124430228622705386e+01 8.995809987586376621e+01 5.670232361334562654e+01
6.399488286905982193e+01 5.268526901487727798e+01 9.237437646040415018e+01
8.197493695420121185e+00 8.728699847824096025e+00 5.604786305506061694e+01
3.825021559457740494e+01 9.695675734117982358e+01 8.330805448445873651e+01
2.797253645121977605e+00 3.529772631262188298e+01 2.537821189879237949e+01
5.138064240370609070e+01 4.431886031861369446e+01 3.943865368463899301e+01
9.063299386468874275e+01 8.044802579567279111e+01 8.857083184499020945e+01
9.223275168041163852e+01 7.219916856914494474e+01 2.494340934375164309e+01
3.931265764993312217e+01 5.084449780331362945e+01 9.263588142437893680e+01
3.243421418627804087e+01 5.054375775801008785e+01 9.369767956458161962e+01
4.965240132492048986e+01 1.503970659342175331e+01 8.667998605573781390e+01
6.579835115500623033e+01 3.305021941407279229e+01 6.606826303810268541e+01
2.176074172472750590e+01 6.677020221081120610e+01 9.703540475139111265e+01
6.004698775331876703e+01 6.597151189153619555e+01 4.236614624307630805e+01
6.779783232136996673e+01 6.785560611483660409e+01 9.538793676463596682e+01
9.573713500355654560e+01 1.947138336350928611e+01 2.452702913287527764e+01
4.551274198477510424e+01 9.024521048393962985e+01 7.373711709332174280e+01
2.636643507334945724e+01 1.683145896806189512e+01 9.365813616266636643e+01
9.562860542492425964e+01 5.116485974383255808e+01 3.388471991158716889e+01
9.103799757784011604e+01 8.653910340500692655e+01 3.628292593641388208e+01
7.114559407323839402e+00 4.802916618579230601e+01 8.443732144428018671e+00
9.974533721131116693e+01 8.843816444840657098e+00 7.905820424717842343e+01
5.776484881945431482e+01 8.424887613072112913e+01 9.165712166636758695e+01
2.852259582970235741e+01 6.799810408547922691e+01 5.632571388598943685e+01
3.721275425211185706e+01 8.817743108194717649e+01 5.284539222437523165e+00
3.563044461808385677e+01 3.660594795763218912e+01 9.516767088077109804e+01
2.481281407890846324e+01 2.036835182182266024e+01 8.214971515060081231e+01
1.607272401111640292e+01 5.683234953228649999e+01 4.131002244192008277e+01
7.057331767261781863e+01 3.159304744578957980e+01 5.810515238987321851e+01
2.189576586772328426e+01 5.836937333035708519e+01 2.273077191441965539e+01
5.014712280219251994e+01 1.438118223918539762e+01 1.450497707303269834e+01
7.595769951098040451e+01 6.553054644058103406e+01 9.626356309798048017e+01
7.654983798333032041e+01 2.647553104715959549e+01 3.187065355888217866e+01
1.867290928067545508e+01 6.616138866551716546e+01 6.754695511243221517e+01
6.405453660811922134e+01 7.243919932435483133e+01 2.441226052956683290e+01
4.919582236581288015e+00 2.303209138144737267e+01 4.035311045672925445e+01
5.855629831447529909e+01 4.931539797826294347e+01 2.678572878184408523e+01
3.173329343565483995e+01 4.307814625276473919e+01 3.931397112650003578e+01
5.915994119734126144e+01 6.374735446469386346e+01 1.096080158581006536e+01
9.119301544729056275e+01 8.718475165125958881e+01 3.614569746387312676e+01
6.556251953903893082e+01 1.312159088532723850e+01 5.216863163870322495e+01
4.226853074213315864e+01 8.343068664762289188e+01 5.749384044748485678e+01
8.284620503329243490e+01 2.524564563766568170e+01 6.976181230791570442e+01
4.084369964684100296e+01 7.672008216108627821e+00 9.435422727012596056e+01
1.798102842589806016e+01 7.626358581317089147e+01 5.675125366847520070e+01
1.418203262098460815e+00 2.225029619251635182e+01 8.866018247565841648e+01
5.875360034586672953e+01 6.662852185105042224e+01 4.625957939394664820e+00
8.718310217076889046e+01 1.640697720047980113e+01 8.780179001424757246e+01
7.094020974790932144e+01 2.831774414128648232e+01 1.127360342410582739e+01
2.275660648667060570e+01 5.142304508652711803e+01 7.172268122812927515e+01
2.267611861082080438e+01 4.828050175128721833e+01 5.141630282515745876e+01
1.956549852095816888e+01 5.630621803258439684e+01 3.618883997040390454e+01
7.466609954183421394e+01 5.185874626919338937e+01 3.556489638971599732e+01
9.516670445127533640e+01 8.927578730123278206e+01 8.760341475657841670e+01
9.318774752378148207e+01 3.091972376071190354e+01 1.912523299342233685e+01
6.727942175032865180e+01 2.029330187414903719e+01 6.310468613439786623e+01
5.361743371684438841e+01 4.498708135967136457e+01 1.447740262069046047e+01
4.422862121345815467e+01 9.868961311039554118e+01 4.581612571543186618e+01
2.431467859776192952e+01 6.848330233490284513e+01 8.302695197577790509e+01
4.698109972929275102e+01 4.584231413434410030e+01 2.872566866420817178e+01
6.768091104409482739e+01 4.551603979111429510e+01 1.449778246694059014e+01
6.555056683115643068e+01 7.741373141467761343e+01 6.604022062779552016e+01
9.582028134005528841e+01 1.432579856951748987e+01 7.526452224113940304e+01
7.319266757294359138e+01 6.797207480184536621e+01 9.030486143079275507e+01
1.751983005353883271e+01 3.415851721428798982e+01 7.553324934354961329e+01
9.745935079242686072e+01 7.684766766045298425e+01 9.266854784930043820e+01
8.961481712262320798e+01 7.661253152300857039e+01 8.268586018110283931e+01
7.037804783546405929e+01 6.494956013894103819e+01 6.346505020294684840e+01
8.722372627848361759e+00 5.266115333007043375e+01 4.073552128135148109e+01
2.440801923143489560e+01 5.630890455090686864e+00 2.157831015776220340e+01
9.410055710912668303e+01 8.391366249970846525e+01 3.858213017369106268e+01
5.435536294470124830e+01 1.639811354775021357e+01 7.872365636653357512e+01
9.006062618519608520e+01 7.848383694878918959e+01 4.515264789743056895e+00
2.916163177842063803e+01 8.458309000301869673e+01 3.038292090016560110e+01
8.105733438598872453e+01 8.113593343321167595e+01 5.838163056024900044e+01
2.849076661393131715e+01 4.628470766687069471e+01 5.202494127802113155e+01
5.275498518325261443e+01 1.137331342664320566e+01 9.293252828985814062e+01
3.513659916137591210e+01 2.167806701734981090e+01 3.286806892244798206e+01
5.957865185644300254e+01 8.852429338110357548e+01 6.771341144409037227e+00
3.604006285142279609e+01 9.637934174322648317e+00 4.391637819355464245e+01
7.237485804375475951e+00 8.434651673336578881e+01 2.724151398912139044e+01
4.401599717258937972e+01 9.273082033994971596e+01 6.400896774945462653e+01
7.804285276117794012e+01 5.811757175516149942e+01 5.897957011596690791e+01
4.054486822562503079e+01 4.607679437962332258e+01 8.420981726899053399e+01
1.186787211298065969e+01 3.417447877277209045e+01 7.008893983912727776e+01
5.398600389743224426e+00 4.464261990046036743e+01 8.214611666250701205e+01
3.309843464442263627e+00 8.577921703659590946e+01 4.298047079224306088e+01
4.840792641619409409e+01 7.714503215476867126e+01 4.308000062081519843e+01
3.140577127516526090e+01 6.331487591162859729e+01 6.315368382300326999e+01
5.847539439803212957e+01 4.660852536999556861e+01 8.320428550174972315e+01
3.060789258347114128e+01 2.264957633343655985e+01 3.599057878541903932e+01
9.977786709502556306e-01 7.477844120525512395e+00 8.978891398055766615e+01
6.994050600634352577e+01 6.381031208887669948e+01 8.742640048738446978e+01
9.737373134296122146e+01 8.997982248627329227e+01 2.415286409839437809e+01
2.048936961301198778e+01 9.055918138355274039e+01 4.556818184591138277e+01
9.504933894647329851e+01 3.845238350098594537e+01 6.318541098459914451e+01
5.727568901694145609e+01 1.239835633652089975e+01 5.450419803980823019e+01
6.758031250061535822e+00 9.660363282904569360e+01 4.088918833391345942e+01
3.578977641030965628e+01 2.737376590783156161e+01 5.946916146632364786e+01
4.223675690421827511e+01 6.701325716814440625e+01 5.356825788007429878e+01
7.364633231610923758e+01 6.752513155894025942e+01 5.941043951571939630e+01
7.823264190029412646e+01 3.190033400863108071e+01 1.907604453812259493e+01
7.733812354954223167e+01 8.366568610490426749e+01 8.653195655364072536e+01
8.923097066638641195e+01 2.963804100132375652e+01 7.024238201837050610e+01
7.462703422847756940e+01 3.223517532232234117e+01 5.155448365468032534e+01
6.559178377986586383e+01 1.470965527455410182e+01 6.522457982853880765e+01
5.782707757298658180e+01 8.210948935850865382e+01 1.078849810212743066e+01
9.653305211291275612e+01 7.513216434657265097e+01 1.674016335843069214e+01
1.127537771988682636e+01 6.457121172796172459e+01 6.137343094871499005e+01
5.920207815513672500e+01 9.385818283796282913e+01 7.829616494871059729e+01
3.063480472343450600e+01 6.368572360938212995e+01 6.336967620295089887e+01
7.856360306014185824e+01 5.729804702651056658e+01 2.688683406951845001e+01
8.750664492787069548e+01 8.032035781003788344e+00 5.458485153320613570e+00
7.150488878855514940e+01 1.192868826768430601e+01 5.681907396749744521e+01
4.691277976200948530e+01 7.067016641955507339e+01 2.235691064047940912e+01
2.477550321558092961e+01 9.294542744574090420e+01 4.811998891196138572e+01
5.358318564665809447e+01 1.223508130051106413e+01 8.794017857618248968e+01
1.486502963986646719e+01 3.343764427321968924e+01 3.318515877127228464e+01
1.964126545322525530e+01 3.070837710669307441e+01 3.513740451555206334e+01
6.576385797076937934e+01 2.610401787285895381e+01 6.540418916569799990e+01
3.981142682681038281e+01 8.452418953124549716e+01 9.680711723420002102e+01
8.656567842258999690e+01 9.743884063011232399e+01 7.872768028733634793e+00
2.330133044294957489e+00 9.198450834035489265e+01 5.962603322905157910e+01
9.399934764489191963e+00 5.778614621915581750e+01 6.871447923473017028e+00
1.626224340643091892e+01 7.455846964049939629e+00 5.702175947538531631e+01
8.975479350037365123e+01 2.831609885333385890e+01 5.328514522615323656e+00
6.095512497360734727e+01 4.041201600364408009e+00 2.570515525263483703e+00
8.518955462020885250e+01 2.038318198467775488e+01 6.282333089908848933e+01
4.722006761589619828e+01 2.403164316584963700e+01 8.200803514447729015e+01
4.077773878915188277e+01 2.011268588203417451e+01 9.653225491387577506e+01
2.292917122812655606e+01 2.281831546776449215e+01 6.728224248840885480e+01
1.335055029508139768e+01 6.003199630274625065e+01 6.314782302421749449e+01
5.335563536908891535e+01 3.346636641356124642e+01 9.238587194510272127e+01
3.654767927087851120e+01 6.360392558340905111e+01 3.328455683238517793e+01
6.761649517928496778e+01 8.122450874835747925e+01 5.780999630697392888e+01
5.097931479932447019e+01 6.655237865664527419e+01 3.476504795709954720e+01
7.107194740756636975e+01 8.424892750555395082e+01 8.196993247733571764e+01
8.388564143544246576e+01 1.233676862776134087e+00 1.269018070389897801e+01
1.409072005764576652e+01 5.847561973233188581e+01 6.117941833430396059e+01
6.045724438398168843e+01 8.767553630395727282e+01 4.222959691519678316e+00
3.694566923580781292e+01 1.931418457947469136e+01 7.457598043922263287e+01
2.365644899788029676e+01 7.519523516264898433e+01 5.871652648078202930e+01
9.815011516316937445e+01 3.098502302290051347e+01 9.343671459650310851e+01
5.896009441364514458e+01 1.808020110237140710e+00 8.226954383498127754e+01
2.694251635920651466e+01 9.282436962897216404e+01 3.389044773395160348e+01
7.199770981301770689e+01 4.944877773261789855e+01 6.713425906707291801e+01
5.534512686483861188e+01 2.655424487273116796e+01 1.985638161258235357e+01
9.610528250800101091e+01 9.801274126559729893e+01 7.302204060080075010e+01
5.659176130080886225e+01 8.799474950768018289e+01 2.313218756516278773e+01
7.918697851821370648e+01 4.572625543763394518e+01 1.644046127967511239e+01
7.643479050246207862e+01 7.666280971087059015e+01 1.248752041258930312e+01
9.414962119319930878e+01 4.731841131075911022e+01 7.635549724717693998e+00
1.557739026284146178e+01 3.329090426093883615e+00 5.654770483621046395e+01
1.927852065112261215e+01 6.845196561487300357e+01 9.485829533831913807e+01
2.164252959842284341e+01 8.129144459627927688e+01 4.376930170553448107e+01
2.124670539439436112e+01 6.455294215534763680e+01 3.672451206680368330e+01
4.690572748236192524e+01 8.672115516741074259e+01 7.403146071892069813e+01
7.569505825329081006e+00 5.659053928601931460e+00 7.986457413528547988e+01
2.109116289224763818e+01 2.132485781665934965e+01 5.938990912936048971e+00
9.486244550950495125e+00 8.577956258950739254e+01 2.960440484804871542e+00
4.675126097585802221e+00 6.095029052337107345e+01 9.924591112846637486e+01
7.355158458468905280e+01 9.841299084631876326e+01 7.327541050799818834e+01
2.951518008624302070e+01 9.186465011009219950e+01 3.808179188916183477e+01
5.130048822483208681e+01 9.476452544928994826e+01 5.848926286855976286e+01
